
 terminating on cycle limit
 tlim= 1.00000E-01   nlim=     30  cpulim= 1.00000E+05
 time= 1.05914E-03  cycle=     30   tused= 0.00000E+00
